	cusp
 p=5, N=1, j_max=10, r=2

Trace of U_p^j data:
0:
	 mu = +Infinity
	 lm = 0
	 slopes:[]
1:
	 mu = 0
	 lm = 2
	 slopes:[2, 1]
2:
	 mu = 0
	 lm = 4
	 slopes:[2, 2, 1, 1]
3:
	 mu = 0
	 lm = 6
	 slopes:[2, 2, 2, 1, 1, 1]
4:
	 mu = 0
	 lm = 8
	 slopes:[2, 2, 2, 2, 1, 1, 1, 1]
5:
	 mu = 0
	 lm = 10
	 slopes:[2, 2, 2, 2, 2, 1, 1, 1, 1, 1]
6:
	 mu = 0
	 lm = 12
	 slopes:[2, 2, 2, 2, 2, 2, 1, 1, 1, 1, 1, 1]
7:
	 mu = 0
	 lm = 14
	 slopes:[2, 2, 2, 2, 2, 2, 2, 1, 1, 1, 1, 1, 1, 1]
8:
	 mu = 0
	 lm = 16
	 slopes:[2, 2, 2, 2, 2, 2, 2, 2, 1, 1, 1, 1, 1, 1, 1, 1]
9:
	 mu = 0
	 lm = 18
	 slopes:[2, 2, 2, 2, 2, 2, 2, 2, 2, 1, 1, 1, 1, 1, 1, 1, 1, 1]

Coefficient data:
0:
	 mu = +Infinity
	 lm = 0
	 slopes:[]
1:
	 mu = 0
	 lm = 2
	 slopes:[2, 1]
2:
	 mu = 0
	 lm = 6
	 slopes:[2, 1, 1, 1, 1, 1]
3:
	 mu = 0
	 lm = 11
	 slopes:[2, 1, 1, 1, 1, 1, 1, 1, 1, 1, 1]
4:
	 mu = 0
	 lm = 18
	 slopes:[3, 2, 2, 1, 1, 1, 1, 1, 1, 1, 1, 1, 1, 1, 1, 1, 1, 1]
5:
	 mu = 0
	 lm = 26
	 slopes:[3, 3, 2, 2, 2, 1, 1, 1, 1, 1, 1, 1, 1, 1, 1, 1, 1, 1, 1, 1, 1, 1, 1, 1, 1, 1]
6:
	 mu = 0
	 lm = 36
	 slopes:[3, 3, 3, 2, 2, 2, 2, 2, 1, 1, 1, 1, 1, 1, 1, 1, 1, 1, 1, 1, 1, 1, 1, 1, 1, 1, 1, 1, 1, 1, 1, 1, 1, 1, 1, 1]
7:
	 mu = 0
	 lm = 48
	 slopes:[3, 3, 3, 3, 2, 2, 2, 2, 2, 2, 1, 1, 1, 1, 1, 1, 1, 1, 1, 1, 1, 1, 1, 1, 1, 1, 1, 1, 1, 1, 1, 1, 1, 1, 1, 1, 1, 1, 1, 1, 1, 1, 1, 1, 1, 1, 1, 1]
8:
	 mu = 0
	 lm = 61
	 slopes:[3, 3, 3, 3, 3, 2, 2, 2, 2, 2, 2, 2, 1, 1, 1, 1, 1, 1, 1, 1, 1, 1, 1, 1, 1, 1, 1, 1, 1, 1, 1, 1, 1, 1, 1, 1, 1, 1, 1, 1, 1, 1, 1, 1, 1, 1, 1, 1, 1, 1, 1, 1, 1, 1, 1, 1, 1, 1, 1, 1, 1]
9:
	 mu = 0
	 lm = 76
	 slopes:[3, 3, 3, 3, 3, 3, 2, 2, 2, 2, 2, 2, 2, 2, 2, 1, 1, 1, 1, 1, 1, 1, 1, 1, 1, 1, 1, 1, 1, 1, 1, 1, 1, 1, 1, 1, 1, 1, 1, 1, 1, 1, 1, 1, 1, 1, 1, 1, 1, 1, 1, 1, 1, 1, 1, 1, 1, 1, 1, 1, 1, 1, 1, 1, 1, 1, 1, 1, 1, 1, 1, 1, 1, 1, 1, 1]
