11A |  0 0  |  0 0  |  1 0  |
    |  0 1  |       |       |
14A |  0 0  |  1 0  |  0 0  |
    |       |       |  0 0  |
15A |  1 0  |  0 0  |  0 1 *|
    |       |       |       |
17A |  2 0  |  0 0  |  0 0  |
    |       |  0 0  |       |
19A |  0 0  |  1 0  |  0 0  |
    |  0 3  |       |       |
20A |       |  0 2  |  0 0  |
    |       |       |       |
21A |  0 1  |  0 1 *|  0 0  |
    |       |       |       |
24A |       |  0 0  |  0 0  |
    |       |       |       |
26A |  0 1  |  1 0  |  0 0  |
    |       |       |       |
26B |  0 1 *|  0 0  |  0 0  |
    |       |  0 0  |       |
27A |  0 0  |       |  0 0  |
    |  0 5  |       |  0 0  |
30A |  0 0  |  0 1 *|  0 0  |
    |       |       |       |
32A |       |  0 0  |  0 0  |
    |       |  0 0  |       |
33A |  0 0  |  0 0  |  0 0  |
    |       |       |       |
34A |  0 2  |  0 2  |  0 0  |
    |       |       |  0 0  |
35A |  0 0  |  1 0  |  0 0  |
    |  0 5  |       |       |
36A |       |       |  0 0  |
    |       |       |  0 0  |
37A |  0 2  |  0 1  |  0 1  |
    |  0 1  |  0 5  |       |
37B |  0 0  |  1 0  |  0 0  |
    |  0 5  |       |  0 0  |
38A |  0 1  |  1 0  |  0 0  |
    |       |       |  0 0  |
38B |  0 1 *|  0 0  |  0 2  |
    |       |       |       |
39A |  0 0  |  0 0  |  0 0  |
    |       |       |       | 
40A |       |  0 0  |  0 5 *| 
    |       |  0 0  |       | 
42A |  0 1 *|  0 0  |  0 0  | 
    |       |       |       | 
43A |  0 2  |  0 1  |  0 1  | 
    |  0 1  |       |       | 
44A |       |  0 4  |  0 0  | 
    |       |       |       | 
45A |  0 1  |       |  0 0  | 
    |       |       |       | 
46A |  0 0  |  0 0  |  0 0  | 
    |       |  0 0  |       | 
48A |       |  0 1 *|  0 0  | 
    |       |       |       | 
49A |  0 2  |  0 0  |  0 0  | 
    |       |  0 0  |  0 0  | 
50A |  0 2  |  0 2  |       | 
    |       |       |       | 
50B |  0 2 *|  0 0  |       | 
    |       |       |       | 
51A |  0 0  |  0 1 *|  0 0  | 
    | 0 15  |       |       | 
52A |       |  0 0  |  0 0  | 
    |       |  0 0  |       | 
53A |  0 1  |  0 1  |  0 1  | 
    |       |  0 1  |  0 1  | 
54A |  0 1  |       |  0 0  | 
    |       |       |       | 
54B |  0 1 *|       |  0 0  | 
    |       |       |       | 
55A |  0 0  |  0 0  |  0 1 *| 
    |       |  0 0  |       | 




